%% Date: Mon, Sep 25, 2017
%% Time: 1:47:06 PM
%% 
% Measurement number
% 1 : Frequency [Hz] (FFT)
% 2 : Real Part [Ohm] (FFT)
% 3 : Imaginary Part [Ohm] (FFT)
% 4 : Frequency [Hz] (Sine MLE)
% 5 : Real Part [Ohm] (Sine MLE)
% 6 : Imaginary Part [Ohm] (Sine MLE)
%%
MeasurementString = {'Frequency FFT','Cell Real Part FFT','Cell Imaginary FFT','Frequency sine MLE','Cell Real Part sine MLE','Cell Imaginary sine MLE'};
MeasurementNr_array = 1 ;
SweepNr = 1 ;
T_FC_Ref = 57 C;
StoicH2 = 1.300000 ;
StoicAir = 2.000000 ;
LoadCurrentDC_SP = 40 A ;
LoadCurrentAC_SP = 2.000000 A;
CO_pVol = 0.000000 ;
Sulfur_pVol = 0.000000 ;
Cell_EIS = [ ...
4844.286 	 0.00118962 	 0.05033810 	 2000.000 	 0.04089826 	 -0.00025937
1782.523 	 0.04105617 	 -0.00059418 	 1782.453 	 0.04121260 	 -0.00104360
5893.734 	 0.02151674 	 0.04154512 	 1588.569 	 0.04151153 	 -0.00191105
1416.426 	 0.04208497 	 -0.00245040 	 1415.774 	 0.04205033 	 -0.00271692
1261.027 	 0.04235592 	 -0.00353216 	 1261.775 	 0.04220348 	 -0.00355219
1124.860 	 0.04278400 	 -0.00396942 	 1124.528 	 0.04275598 	 -0.00433096
1002.033 	 0.04149447 	 -0.01043554 	 1002.209 	 0.04277114 	 -0.00553933
892.870 	 0.04350573 	 -0.00719042 	 893.195 	 0.04383590 	 -0.00593410
796.297 	 0.04412884 	 -0.00594605 	 796.039 	 0.04405461 	 -0.00650911
709.323 	 0.04472800 	 -0.00760700 	 709.451 	 0.04474891 	 -0.00738348
632.114 	 0.04522595 	 -0.00830987 	 632.281 	 0.04538156 	 -0.00795539
563.313 	 0.04594101 	 -0.00868861 	 563.506 	 0.04590736 	 -0.00872034
502.315 	 0.04654544 	 -0.01013336 	 502.211 	 0.04655793 	 -0.00956259
447.511 	 0.04508245 	 -0.00597779 	 447.584 	 0.04479122 	 -0.01245240
398.818 	 0.04800381 	 -0.01096433 	 398.898 	 0.04802949 	 -0.01114837
355.545 	 0.04868329 	 -0.01280154 	 355.509 	 0.04884789 	 -0.01253393
316.898 	 0.04949190 	 -0.01367856 	 316.839 	 0.04957595 	 -0.01342649
282.329 	 0.05030996 	 -0.01406296 	 282.375 	 0.05052443 	 -0.01372026
251.681 	 0.05200997 	 -0.01371103 	 251.660 	 0.05142452 	 -0.01495388
224.260 	 0.05186407 	 -0.01355062 	 224.286 	 0.05167046 	 -0.01533343
199.841 	 0.05318209 	 -0.01635061 	 199.890 	 0.05329823 	 -0.01616007
178.159 	 0.05425226 	 -0.01763102 	 178.147 	 0.05427818 	 -0.01740057
158.807 	 0.05524798 	 -0.01901033 	 158.769 	 0.05544149 	 -0.01855088
141.483 	 0.05660294 	 -0.01958832 	 141.499 	 0.05672553 	 -0.01935775
126.119 	 0.05810035 	 -0.02070684 	 126.108 	 0.05806171 	 -0.02077852
112.385 	 0.05926807 	 -0.02227506 	 112.391 	 0.05934693 	 -0.02187492
100.161 	 0.06079415 	 -0.02279735 	 100.166 	 0.06089769 	 -0.02274119
89.269 	 0.06280340 	 -0.02383384 	 89.270 	 0.06266304 	 -0.02423654
79.560 	 0.05506756 	 -0.03565670 	 79.560 	 0.06142881 	 -0.02391763
70.905 	 0.06768232 	 -0.02549188 	 70.906 	 0.06690562 	 -0.02659345
63.159 	 0.08619085 	 -0.00178555 	 63.193 	 0.07490343 	 -0.02515221
56.315 	 0.07079803 	 -0.02891572 	 56.319 	 0.07069166 	 -0.02931355
50.195 	 0.07177722 	 -0.03249227 	 50.193 	 0.07247016 	 -0.03067425
44.731 	 0.07477538 	 -0.03378071 	 44.734 	 0.07558511 	 -0.03208443
39.867 	 0.07772032 	 -0.03470663 	 39.868 	 0.07834285 	 -0.03336483
35.533 	 0.08156632 	 -0.03365283 	 35.531 	 0.08161646 	 -0.03352223
31.666 	 0.08443318 	 -0.03308545 	 31.666 	 0.08388730 	 -0.03465479
28.222 	 0.08735777 	 -0.03520656 	 28.222 	 0.08743489 	 -0.03494888
25.151 	 0.08928824 	 -0.03848217 	 25.152 	 0.09020770 	 -0.03661827
22.416 	 0.09461244 	 -0.03479987 	 22.416 	 0.09395057 	 -0.03637850
19.978 	 0.09687101 	 -0.03860554 	 19.978 	 0.09714474 	 -0.03776089
17.805 	 0.10051296 	 -0.03690897 	 17.805 	 0.10049141 	 -0.03677316
15.868 	 0.10437672 	 -0.03618618 	 15.868 	 0.10410973 	 -0.03694131
14.142 	 0.10729597 	 -0.03752018 	 14.142 	 0.10737249 	 -0.03699052
12.604 	 0.11106576 	 -0.03651448 	 12.604 	 0.11078809 	 -0.03798594
11.233 	 0.11453032 	 -0.03700846 	 11.233 	 0.11383016 	 -0.03770824
10.011 	 0.11682955 	 -0.03704591 	 10.011 	 0.11683468 	 -0.03714542
8.923 	 0.12008664 	 -0.03744402 	 8.922 	 0.12045978 	 -0.03579086
7.956 	 0.12022379 	 -0.04304203 	 7.952 	 0.12274732 	 -0.03538219
7.087 	 0.12534467 	 -0.03566556 	 7.087 	 0.12556037 	 -0.03484638
6.316 	 0.12805227 	 -0.03449838 	 6.316 	 0.12809343 	 -0.03312425
5.631 	 0.12973774 	 -0.03718215 	 5.629 	 0.13129032 	 -0.03130467
5.018 	 0.12939628 	 -0.03309653 	 5.017 	 0.13044463 	 -0.02963640
4.470 	 0.13408419 	 -0.02992253 	 4.471 	 0.13379889 	 -0.03147646
3.985 	 0.13529846 	 -0.03309388 	 3.985 	 0.13567600 	 -0.03260449
3.552 	 0.13721266 	 -0.03794747 	 3.551 	 0.13770098 	 -0.03422707
3.164 	 0.14190648 	 -0.03211165 	 3.165 	 0.14018849 	 -0.03418932
2.821 	 0.14272908 	 -0.03764363 	 2.821 	 0.14306865 	 -0.03609320
2.512 	 0.14570509 	 -0.03162865 	 2.514 	 0.14469474 	 -0.03677400
2.239 	 0.15347390 	 -0.02809131 	 2.240 	 0.15102774 	 -0.03620776
1.995 	 0.15643323 	 -0.03132159 	 1.997 	 0.15967442 	 -0.03585872
1.780 	 0.15651080 	 -0.03824667 	 1.780 	 0.15695171 	 -0.03324132
1.585 	 0.16093219 	 -0.02282643 	 1.586 	 0.16206569 	 -0.03490088
1.414 	 0.16493965 	 -0.03662076 	 1.413 	 0.16502171 	 -0.03511826
1.260 	 0.17120231 	 -0.03019449 	 1.260 	 0.17036234 	 -0.03247690
1.123 	 0.17324448 	 -0.03132502 	 1.123 	 0.17453177 	 -0.03083165
1.001 	 0.16490397 	 -0.03074617 	 1.001 	 0.16965372 	 -0.02722668
0.891 	 0.17843731 	 -0.01975732 	 0.892 	 0.17616999 	 -0.02827033
0.795 	 0.17556547 	 -0.02968510 	 0.795 	 0.17746122 	 -0.02276141
0.708 	 0.18304273 	 -0.02411491 	 0.708 	 0.18323683 	 -0.02176386
0.632 	 0.18129048 	 -0.03348503 	 0.631 	 0.18300756 	 -0.01906800
0.563 	 0.18429652 	 -0.02925282 	 0.563 	 0.18464842 	 -0.01758968
0.501 	 0.18919700 	 -0.01186765 	 0.501 	 0.18729912 	 -0.01422099
0.447 	 0.18386109 	 -0.01404616 	 0.447 	 0.18293082 	 -0.01474573
0.398 	 0.18629884 	 -0.01627719 	 0.398 	 0.18693088 	 -0.01264857
0.355 	 0.18822676 	 0.00321941 	 0.355 	 0.18779199 	 -0.00960228
0.316 	 0.18886099 	 0.00811480 	 0.316 	 0.18763602 	 -0.01025261
0.282 	 0.18348157 	 -0.01594216 	 0.282 	 0.18536876 	 -0.00670892
0.251 	 0.18749120 	 -0.00645189 	 0.251 	 0.18738656 	 -0.00562047
0.224 	 0.18725982 	 -0.01359761 	 0.224 	 0.18743597 	 -0.00549142
0.200 	 0.18730992 	 -0.01047388 	 0.200 	 0.18654048 	 -0.00627004
0.178 	 0.18542043 	 -0.00552342 	 0.178 	 0.18583235 	 0.00030380
0.158 	 0.18993232 	 0.01273868 	 0.159 	 0.18852169 	 0.00268968
0.141 	 0.18851826 	 0.01430969 	 0.141 	 0.18656370 	 -0.00041979
0.126 	 0.19030842 	 -0.00244808 	 0.126 	 0.18982150 	 0.00212090
0.112 	 0.18662630 	 0.00811989 	 0.112 	 0.18552313 	 -0.00067267
];
%%
%%